5856.62
3825
3801.44
3791.5
3792.06
3804.12
3815.62
3812
3814
3812.31
3809.56
3810.88
3814.56
3830.19
3828.31
3829.69
3830.5
3829.31
3829.44
3830
3829
3831.12
3839.88
3845.94
3856.5
3847.81
3842.06
3856.06
3850.19
3849.69
3850.81
3852.12
3851.94
3853.25
3851.31
3853.62
3850
3854
3850.5
3853.81
3610.5
3592.94
3580.38
3606.69
3576.75
3578.12
3578.06
3568.12
3562.69
3576.25
3560.06
3564.44
3566.44
3563.56
3551.88
3568.88
5780.56
5750.12
5739.31
5732.19
5741.75
5740.75
5737.69
5744.69
5473.69
5479.06
5492.06
5482.62
5490.56
5478.19
5490.19
5488.94
5505.06
5499
5484.19
5511.12
5505.19
5504
5504.94
5504.88
5503.75
5502.25
597348
5608.31
5582.81
5540.81
5541.25
5546.31
5539.75
5526.81
5535.12
5520.31
5520.56
5529.25
5530.81
5529.88
5523.5
6071.12
5642.06
5601.69
5576.69
5574.62
5563.62
5558.19
5561.62
5560
5562.94
5560.88
5580
5580.31
5592.88
5568.56
5587.94
5580.44
5572.56
5580.75
5552.75
5548.31
5544.56
5542.31
7770.81
7738.56
7726.25
7736.19
7739.81
7736.31
7742.31
7752.38
7409.5
7428.31
7415.12
7421.06
7411.5
7417.81
7427.5
7426.25
7426.38
7436.88
7420.38
589916
7557.56
7494.69
7463.38
7453.81
7458.19
7456.81
7458.69
7461.12
7459.06
7459.5
9489.25
7465.31
7487
7463.12
7453.31
7461.75
7456
7473.69
7468.62
7474.81
7470.69
7475.44
7470.69
7478.12
7469.06
7476.5
7473.5
7480.94
7471.62
7478.62
7469.56
7482.5
7489.25
7495.94
7487.75
7476.44
7489.06
7493.81
7474.56
7498.25
7451.12
7462.56
7454.44
7476.56
9681.94
9641.56
9652.44
9662.19
9650.12
9657
9653.44
9658.12
9308.69
9317.25
9315.44
9324.62
9322.81
9319.5
754306
9367.19
9380.62
9350.12
9347.62
9362
9348.06
9350.25
9351.44
9350.5
9350.12
9353
9350.38
9352.44
9350.12
9351.69
9350.19
9353.25
9350.94
9353.31
9353.12
9355.56
9358.69
9363.38
9371.31
9370.62
9368.88
9372.88
9369.5
9371.19
9369.12
9371.31
9369.81
9372.75
9371.19
9371.19
9372.62
9374.31
9389.06
9389.62
9387.44
10605.6
9493.56
12420.6
9434.94
9434.94
9391.31
9395.31
9385.31
9393.06
11605.8
11565.4
11553.6
11557.6
11560
11556.1
11550.8
11565.9
11217
11225.8
11222.9
11220.8
11227.7
11222.1
11240.2
11236.9
11263.4
11246.9
11232.6
11261.1
11254.4
11243.1
11264.2
11255.6
11255.8
11256.9
11255.1
11254.3
11272.1
11613.7
11585.5
11577.2
11581.8
11567.9
11593.9
11607.8
11598.1
11596.8
11597.1
11599.5
11598.3
11596.5
11610.1
11597
11598.5
11597.6
11606
11612.8
11597.5
11603.4
11599.3
11616.2
11639.2
11643.1
11620.7
11602.1
11608.4
11603
11601.2
11619.8
11601.4
11602.3
11595.6
11602.9
13785.1
13768.6
13768.3
13783.3
13776.4
13782
13898.2
13817.8
13482.7
13458
13452.9
13445.8
13451.2
13448.9
13467.1
13452.4
13469.4
13466.6
13464.7
13466.2
13471.2
13463.3
13482
13472.6
13488.5
13502.2
13504.8
13522.3
13478.9
13482.2
13478.4
13481.7
13487.8
13487.4
13499.9
13518
13519.8
13516.7
13521.1
13518.2
13511.8
13532.6
13522.6
13523.1
13522.9
13521.4
13521.3
13532.2
13533.8
13540.2
13542.2
13538.4
13545.3
13538.6
13550
13517.6
13537.4
13535.8
13549
13543.8
13527.1
13526.6
13521.8
13527.6
15724.6
15707.4
15713.2
15708.2
15713
15707.6
15714.2
15710.2
15385.2
15948.2
15728.3
15443.4
15492.5
15393.9
15413.7
15798.9
15702.5
15410.8
15411.4
15433.1
15433.7
15427.7
15438.9
15675.5
15551.6
15536.3
15431.3
15432.4
15430.6
15432
15429.9
15433.2
15434.1
15432.8
15431.9
15437.5
15531.4
15520.6
15455.1
15440.6
15459.9
15446.7
15452.9
15446.9
15449.8
15447.8
15448.8
15448.9
15451.4
15447.3
15451.6
15450
15468
15463.6
15443
15458.2
15596.6
15452.8
15448.1
15464.6
15439.1
15448.8
15439.9
15456.8
17644.9
17619.8
17621.1
17621.2
17620.9
17627.4
17631.4
17632.9
17305.5
17336.4
17312
17309.1
17329.6
17315.6
17326.3
17321.3
17326.9
17326.2
17322.7
18713.3
17328.9
17427.2
17367.7
17345.4
17344.3
17347.2
17346.6
17346.4
17354.9
17359.7
17357.8
17362.1
17360.5
17362
17453.8
17396.9
17370.2
17371.8
17362.1
17355.9
17358.9
17361.3
17361.6
17361.9
17359.1
17404.4
17357.8
17380.8
19332.1
17397.1
17370.2
17373.1
17394.4
17395.4
17396.9
17378.9
17394.9
17394.4
17378.8
17398.5
17359.3
17358.8
17357.4
17381.4
19547.1
19536.3
19532.8
19547.2
19543.4
19545.2
19542
19553.4
19215.4
19236.6
19233.2
19225.7
20788.6
19257.5
19255.6
19255.5
19256.5
19254.4
19254
19266.4
19270.4
19266.1
19272.4
19266.8
19268.3
19269.1
19252.8
19246.7
19259.9
19251.6
19260.3
19263.2
19265.4
19268.6
19267.6
19268.9
19267.5
19270.6
19268.1
30767.2
19289
19304.3
19267.4
19277.4
19266.6
19266
19266.3
19266
19268.6
19267.7
19268.6
19283.6
19283.9
19316.2
19303.2
19285.4
19281.1
19284.6
19273.1
19286.3
19265.9
19267.6
19262.2
19271.3
21465.7
21454.9
21463.6
21463
21457.2
21459.1
21458.2
21459.8
21132.5
21153.6
21146.6
21146.2
21163.4
21154.2
21164
21179.9
21155.7
21160.4
21154.4
21153.7
21163
21156.3
21159.4
21157.6
21161.6
21175.2
21174.2
22679.6
21191.8
21190.1
21175.6
21181.9
21178.2
21181.6
21179.2
21181.5
21179.9
21181.7
21182.9
21181.9
21228.3
21300.3
21189.1
21205.7
21193.6
21195
21190.6
21194.2
21193.7
21197.3
21194.6
21196.2
22930.2
21232.1
21206
21192.1
21195.9
21194.3
21195.5
21197.2
21175.9
21176.5
21174.2
21195.3
23381.1
23392.5
23377.9
23380
23377.2
23380.4
23377
23380.6
23053.6
23079.4
23076.6
23081.3
23088.7
23070.6
23081
23086.9
23086.6
23086.8
23066.7
23084.3
23081.8
23085.7
23082.4
23085.8
23092.4
23093.9
23082.1
23084.8
23085.4
23083.9
23085.2
23084.9
23086.6
23085.6
23088
23100.1
23102.8
23247.5
23121.2
23106.9
23106.5
23122.3
23120.6
23120.3
23118.4
23122.4
23119.2
23120.1
24999.8
23307.4
23121.8
23123.2
23125.4
23137.1
23126.8
23121.2
23122.2
23123.4
23124.2
23125.3
23161.2
23158.8
23208.1
23107.8
25299.6
25283.3
25278.8
25285.5
25285.2
25285.7
25286.9
26942.9
24986.4
25023
24991.3
24995.8
25013.3
25007.8
25010.6
25005.2
25011.1
25009.1
25005.6
25020.7
25015.3
25023.6
25026.6
25032.2
25177.2
25134
25017.9
25016
25014.6
25015.7
25300.1
25062.4
25027.7
25064.1
25045.9
25033.6
25029.3
25025.9
25033.6
25027.6
25045.2
25060.2
25052.6
25055.6
25044.8
25047.2
25043.8
25049.1
25046.6
25047.5
25049.1
25049.8
25075.6
25066.8
25071.1
25051.4
25067.6
25070.1
25093.1
25044.6
25030.2
25033.9
25028.4
25061
27239
27220.4
27217.7
27215.9
27218.8
27218.6
27219.7
27221.5
26889.5
28284.8
26922.5
26938.5
26939.6
26924.3
26936.8
26925.9
26937.2
26939.4
26901.2
26911
26988.8
27050.4
26933.7
26937.5
26937.6
26941.4
26939.1
26938.1
26936.5
26939.3
26937.6
27124.2
26936
26934.6
26944.1
26945.3
26953.8
26950.9
26952.7
26955.5
26954.6
26961.4
26998.1
26968.1
26955.2
26957.4
26952.1
26957.8
31477.7
27015.8
26956.7
28681.1
27004.2
26976.5
26958.1
26950.6
26958.2
26960.6
26958.4
26961
26939.8
26941.3
26929.2
27272.5
29200.7
28866
28840.5
28843.1
28838.1
28837.9
28836.4
28845
28515
28530.9
29022.7
28528.4
28534.9
28510
28536.4
28507.3
28523.8
28524.8
28507.3
28524.5
28528.4
28530.5
28540.6
28790.2
28572.6
28541.5
28538.4
28544.7
28543.4
28536.1
28536.8
28540.5
28544.3
28536.1
28539.2
28544.4
28801.8
28575.8
28576.8
28553.9
28569.6
28559.6
28571.2
28564.7
35613.1
28575.8
28573.1
28563.1
28572.8
28891.4
28598.5
28580.9
28586.8
28589.9
28579.2
28573.1
28565
28576.5
28564.8
28569.8
28574.6
28577
28815.2
28606.8
30788.1
30750.8
30746.4
30747
30746.6
30745.1
30757.9
30753
30406.8
30410.6
41500.6
30462.8
30450.3
31391.8
57034.1
30470.8
30467.6
30452.1
30431.9
30459.4
30450.4
30841.1
30500.6
30480.4
30469
30468.1
30478.1
30471.1
30467.8
30481.2
30471.4
30472.1
30480.4
32738.9
30514.2
30486.9
30669.1
30503.9
30502.2
30496
30480.4
30494.9
30482.2
30494.4
30491.1
30500.6
1.01961e+06
30560.4
30511.3
30502.3
30488.8
30495.8
30498.8
1.28111e+06
30526.7
30525.6
30504.2
31790.2
30508.1
30522.8
30503.9
30509.2
30490.2
30512.6
32705.5
64479.5
32701.1
33077
32700
32675.1
32659
32681.4
32316.1
32346.7
32339.4
32327.5
32364
32340.9
32351.1
32592.1
32344.4
32351.2
32340
32341.4
32350
32393.9
32349.5
32346.8
32362.9
32354.7
51540
32395.4
32392.6
32384.7
32373.6
32397.6
32387.7
32401.6
32394.8
32402.6
32389.6
34810.2
32430.4
32412.8
32396.4
32402.6
32398.8
32399.6
32396.8
32399.4
32407.9
32409.5
32407.9
32656.1
32432.5
32428.3
32421.7
32437.9
32418.1
32415.4
32424.5
32418.6
32456.8
32419.1
34057.5
32448.8
32397.9
32411.6
34600.4
34597.5
34580.9
34578.4
34563.2
34580.4
34564.6
34587.9
34327.1
3509.06
3531.69
3525.44
3515.06
3508.38
3517.75
3541.38
3531.25
3562.81
3542.38
3525.94
3546.38
3548.31
3546.44
3561.88
3554.06
3562.81
3547.81
3558.94
3565.88
3563.06
3555.12
3569
3555.06
3571.88
3541.62
3621.94
3557.5
3568.62
3559.19
3557
3554.19
3564.94
3557.56
3572.75
3567.75
3570.44
3569.75
3571.25
3571.56
3574.12
3573.38
3576.25
3586.25
3587.5
3587.44
3587.62
3588.69
3587.44
3585.81
3575.88
3589.12
3572.81
3572.5
3571.81
3575.81
5787.38
5741.94
5750.88
5745.88
5767.31
5748.5
5765.75
5760.81
5504.69
5503.31
5515.75
5508.06
5518.38
5507.44
5523.12
5521.25
5540.25
5510.62
5516.69
5516.56
5530.62
5530.94
5537.12
5525.19
5537.44
5532.88
5538.88
5528.25
5538.12
5536.12
15763.4
5556.69
5546.12
5566.88
5539.19
5559.25
5543.12
5555.12
5557.25
5560.31
5544.94
5572.31
5554.06
5544.12
5566.75
5552.25
5558.56
5551.81
5568.12
5558.5
5570.19
5574.25
5585
5578.81
5587
5556.19
5567.06
5579.56
5568.69
5628.75
5568.31
5571
5556.94
5573.44
7762.06
7747.94
7753.25
7737.81
7744.44
7744.62
7752.69
7738.88
7424.38
7435.94
7438.25
7433.31
7432.88
7432.94
7459.62
7428.62
7457.88
7447.38
7442.5
7449.19
7461
7447.81
7459
7452.06
7458.31
7450.81
9244.44
7495.94
7488.5
7479.94
7479.06
7481.25
7469.88
7480.81
7483.62
7475.44
7487.81
7475.62
7493.06
7492.38
7485
7502.38
7489.38
7494.56
7484.62
7496.56
7486.94
7493.88
7485.69
7495.31
7486.5
7497.31
7505.19
7512.75
7505.06
7495.25
7499.12
7518.25
7485.38
7515.69
7488.5
7496.56
7470.44
7502.31
9677.56
9663.81
9676.12
9674.25
9668.94
9674
9671.94
9676.75
9344.25
9360.94
9340.75
9633.06
9374
9354.31
9357.38
9361.12
9365.38
9355.38
9346.25
9406.81
9396
9380.19
9374.88
9367.94
9384.06
9374.94
9368.44
9384.38
9374.19
9384.88
9371.75
9367.19
9387.5
9371.12
9388.31
9377.12
9388.38
9375.31
9388.88
9378.69
9385.56
9385.31
9401.94
9392.38
9406.56
9394.5
9405.75
9382.44
9408.12
9391.62
9405.44
9386
9696.69
9452.94
9414
9393.75
9415.19
9425.31
9405.06
9419.75
9401.44
9406.38
9386.69
9420.56
11595.3
11581.5
11579.5
11570.5
11578.3
11566.1
11577.6
11572.4
11260.8
11251.1
11271.6
11252.7
11271.6
11254.4
11271.9
11276.8
11282.4
11297.9
11286.2
11284.8
11296.4
11290.9
11304.2
11304.2
12897.1
11331.9
11294.1
11312.9
11296.7
11291.8
11311.2
11307.9
11294.4
11293.6
11296.8
11309.2
11293.9
11310.2
11328.5
11310.4
11315.8
11317.2
11310.9
11312.8
11312.8
11326.6
11313.1
11329.7
11329.5
11325.4
11312.4
11315.1
11334.5
11328.3
11334.6
11328.6
11313.9
21075.8
11359.8
11383.3
11338
11346.7
11315
11333.4
13495.6
13495.9
13489.9
13508.4
13499.2
13491.9
13492.6
13483.8
13163.1
13170.5
13221.4
13173.4
13168.4
13182.9
13191.5
13183.6
13192.2
13183.8
13194.2
13182.1
13189.9
13194.4
13197.4
14869.6
13252.6
13212.7
13210.1
13210.5
13189.8
13218
13202.2
13191.7
13218.1
13200.5
13201.3
13199.6
13212
13197.3
13196.1
13229.9
13208.3
13220.1
13225.8
13226.1
13210.6
13228
13228.2
13228.8
13245
13224.5
13220.2
13235.8
13527.1
13265.3
13252.2
13227.2
13223.7
13223.2
13398.6
13263.4
13191
13201.1
13196.1
13204.8
15409.2
15402.3
15379.9
15387.9
15395.4
15386.6
15396.5
15388.4
15048.4
15068.2
15045.4
15073.6
15055.2
15070
16729.8
15122.7
15085.3
15090.7
15069.1
15082.1
15088.4
15085.9
15102.8
15076
15072.1
15100
15078.4
15086.3
15072
15089.6
15087.6
15086.1
15097.6
15097.3
15086.4
15098.1
15093.9
15109.8
15093.3
15089.8
15156.8
15097.9
15099.9
15097.6
15087.2
15098.4
15112.4
15110.9
15112.3
15102.2
15112.1
15111.1
15108.4
15109.2
15120.8
15098.2
15109.1
0
0
0
0
0
0
0
0
0
0
0
0
0
0
0
0
0
0
0
0
0
0
0
0
0
0
0
0
0
0
0
0
0
0
0
0
0
0
0
0
0
0
0
0
0
0
0
0
0
0
0
0
0
0
0
0
0
0
0
0
0
0
0
0
0
0
0
0
0
0
0
0
0
0
0
0
0
0
0
0
0
0
0
0
0
0
0
0
0
0
0
0
0
0
0
0
0
0
0
0
0
0
0
0
0
0
0
0
0
0
0
0
0
0
0
0
0
0
0
0
0
0
0
